11111000000000000000000000000000
01101000010000000000000000000101
01101000010100000000000000000101
01110100010100010000000000000001
11111000000000000000000000000000
01110000010100000000000000000000
11111100000000000000000000000000


11111000000000000000000000000000
01101100001100000000000000000000
01110000001100000000000000000000
01101000010000000000000000000101
01110100001100010000000000000100
01101000010100000000000000000001
01110000010100000000000000000000
11111100000000000000000000000000
00101100001100000000000000000001
00101000011100000000000000000001
01110000011100000000000000000000
11111100000000000000000000000000